#    "density functional theory" vs. ("semiempirical" OR "semi empirical") AND ("electronic structure" OR "chemistry" OR "quantum") on Google Scholar accessed 2019-04-17
# bare, with "Gaussian, Inc" filter, and with "VASP" / "MOPAC" filter
1965    33   636    0    0    0   0
1966    25   764    0    0    0   0
1967    36   965    0    0    0   0
1968    46  1050    0    0    0   0
1969    47  1180    0    0    0   0
1970    56  1340    0    0    0   0
1971    56  1520    0    0    0   0
1972    70  1780    0    0    0   0
1973    53  1840    0    0    0   0
1974    74  1810    0    0    0   0
1975    85  1960    0    0    0   0
1976    65  2020    0    0    0   0
1977    83  2100    0    0    0   0
1978   107  2060    0    0    0   0
1979   139  2210    0    0    0   0
1980   187  2290    0    0    0   0
1981   214  2150    0    0    0   0
1982   218  2210    0    0    0   0
1983   345  2380    0    0    0   2
1984   385  2440    0    0    0   6
1985   504  2580    0    0    0  20
1986   521  2610    0    0    0  35
1987   672  2880    0    0    0  47
1988   705  3090    0    0    0  88
1989   924  3200    1   10    0 118
1990   994  3500    3   15    0 175
1991  1210  3900    5  105    0 256
1992  1320  4200   26  207    0 429
1993  1530  4830   47  297    0 554
1994  1980  4960  126  364    0 654
1995  2550  5650  256  439    0 730
1996  3550  7190  562  829    4 866
1997  4000  8160  810  953   14 858
1998  4880  7630 1060 1060   30 812
1999  5810  7980 1340 1220   98 765
2000  7240  8960 1750 1510  157 761
2001  8520  9340 1990 1600  254 777
2002  9550  9610 2230 1710  367 702
2003 11200 10200 2590 1780  498 734
2004 13300 10700 2910 1890  746 705
2005 16000 11200 3490 2060  966 685
2006 19100 11900 3920 2200 1300 691
2007 22600 12400 4350 2240 1590 651
2008 26900 13200 4660 2340 2110 643
2009 31900 13600 4970 2280 2490 657
2010 35200 13500 5010 2190 2800 594
2011 41500 14500 5660 2290 3430 608
2012 47100 15700 6220 2380 3900 641
2013 50300 15900 6790 2230 4440 565
2014 54200 15600 7260 2340 5330 607
2015 49200 15400 7610 2140 5900 565
2016 52400 15500 7700 2090 6670 591
2017 47700 14200 7900 2000 7510 530
2018 36900 15800 8320 2100 8580 550
