1871.04	12.46	91.33
1871.12	12.84	90.26
1871.21	13.03	91.54
1871.29	12.56	98.14
1871.37	12.27	103.42
1871.46	12.08	104.65
1871.54	12.08	103.17
1871.62	11.89	106.63
1871.71	12.18	105.69
1871.79	12.37	99.15
1871.87	12.37	100.70
1871.96	12.65	101.01
1872.04	12.65	104.04
1872.12	12.65	104.94
1872.21	12.84	107.25
1872.29	13.13	108.31
1872.37	13.13	108.79
1872.46	13.03	109.02
1872.54	12.84	110.50
1872.62	12.94	108.91
1872.71	13.03	106.70
1872.79	12.75	110.07
1872.87	13.13	106.98
1872.96	12.94	111.73
1873.04	12.94	113.17
1873.12	13.23	112.15
1873.21	13.23	111.83
1873.29	13.23	110.87
1873.37	12.94	114.12
1873.46	12.56	116.56
1873.54	12.56	116.95
1873.62	12.56	117.57
1873.71	12.56	109.22
1873.79	12.27	102.68
1873.87	11.89	102.86
1873.96	12.18	110.58
1874.04	12.37	115.47
1874.12	12.37	119.62
1874.21	12.37	118.56
1874.29	12.18	117.81
1874.37	12.08	116.35
1874.46	11.80	119.36
1874.54	11.89	119.14
1874.62	11.80	121.11
1874.71	11.80	123.75
1874.79	11.61	126.26
1874.87	11.51	129.20
1874.96	11.51	129.13
1875.04	11.51	129.91
1875.12	11.51	130.40
1875.21	11.51	132.90
1875.29	11.61	134.30
1875.37	11.32	133.14
1875.46	11.13	133.48
1875.54	11.13	134.58
1875.62	11.23	134.83
1875.71	11.13	135.54
1875.79	11.13	134.16
1875.87	11.04	138.31
1875.96	10.94	140.31
1876.04	10.85	145.27
1876.12	10.85	148.04
1876.21	10.85	148.53
1876.29	10.75	145.02
1876.37	10.37	145.67
1876.46	10.09	149.61
1876.54	10.09	148.71
1876.62	10.18	142.11
1876.71	10.28	133.09
1876.79	10.47	130.85
1876.87	10.56	128.08
1876.96	10.75	125.99
1877.04	10.94	123.60
1877.12	10.66	120.24
1877.21	10.18	120.31
1877.29	10.47	109.35
1877.37	10.66	108.17
1877.46	10.09	106.92
1877.54	10.18	111.34
1877.62	9.80	124.55
1877.71	9.70	134.35
1877.79	9.70	137.97
1877.87	9.51	139.31
1877.96	9.51	139.56
1878.04	9.23	144.58
1878.12	9.13	143.64
1878.21	8.94	150.19
1878.29	8.85	156.75
1878.37	8.56	163.21
1878.46	8.37	171.19
1878.54	8.47	173.50
1878.62	8.56	170.85
1878.71	8.56	175.07
1878.79	8.47	175.79
1878.87	8.37	178.04
1878.96	8.18	181.92
1879.04	8.28	187.39
1879.12	8.37	192.78
1879.21	8.28	192.66
1879.29	8.18	202.13
1879.37	8.18	212.09
1879.46	8.09	216.54
1879.54	8.18	219.21
1879.62	8.18	221.71
1879.71	8.47	222.99
1879.79	8.94	234.96
1879.87	9.42	235.80
1879.96	9.70	229.17
1880.04	9.99	231.99
1880.12	9.99	236.87
1880.21	10.09	239.96
1880.29	9.70	244.59
1880.37	9.42	232.97
1880.46	9.23	239.72
1880.54	9.23	251.71
1880.62	9.23	261.76
1880.71	9.32	259.61
1880.79	9.32	268.17
1880.87	9.42	280.47
1880.96	9.51	290.12
1881.04	9.42	311.72
1881.12	9.51	308.72
1881.21	9.51	313.37
1881.29	9.61	310.44
1881.37	9.51	328.85
1881.46	9.51	334.12
1881.54	9.61	320.49
1881.62	9.80	308.08
1881.71	10.18	300.17
1881.79	10.28	293.86
1881.87	10.18	299.80
1881.96	10.18	292.38
1882.04	10.18	289.29
1882.12	10.28	281.61
1882.21	10.28	282.42
1882.29	10.37	281.12
1882.37	10.47	276.48
1882.46	10.56	273.83
1882.54	10.47	293.18
1882.62	10.56	300.55
1882.71	10.28	313.23
1882.79	10.18	308.89
1882.87	10.09	299.82
1882.96	9.99	305.63
1883.04	9.99	305.46
1883.12	10.09	297.20
1883.21	9.99	305.15
1883.29	9.90	315.96
1883.37	9.80	315.06
1883.46	9.51	328.85
1883.54	9.32	331.93
1883.62	9.32	318.45
1883.71	9.23	326.87
1883.79	9.23	319.62
1883.87	9.13	329.40
1883.96	9.23	320.48
1884.04	9.23	312.52
1884.12	9.23	322.61
1884.21	9.23	323.04
1884.29	9.04	316.58
1884.37	8.85	298.90
1884.46	8.85	288.40
1884.54	8.75	293.26
1884.62	8.75	313.41
1884.71	8.66	308.58
1884.79	8.56	303.59
1884.87	8.37	306.01
1884.96	8.28	310.66
1885.04	8.28	305.31
1885.12	8.37	312.87
1885.21	8.18	322.66
1885.29	8.28	319.96
1885.37	8.09	325.50
1885.46	7.90	333.57
1885.54	7.99	343.58
1885.62	7.99	364.53
1885.71	7.90	365.90
1885.79	7.90	388.80
1885.87	7.99	410.76
1885.96	8.18	399.67
1886.04	7.99	410.75
1886.12	7.99	420.21
1886.21	7.90	418.02
1886.29	7.80	418.99
1886.37	7.61	422.70
1886.46	7.52	449.30
1886.54	7.61	452.05
1886.62	7.71	451.40
1886.71	7.71	464.75
1886.79	7.71	478.12
1886.87	7.71	491.54
1886.96	7.80	474.50
1887.04	7.99	459.80
1887.12	8.09	452.66
1887.21	8.09	464.83
1887.29	8.09	477.06
1887.37	8.09	486.88
1887.46	7.99	480.11
1887.54	7.90	475.70
1887.62	7.99	459.95
1887.71	7.90	461.24
1887.79	7.99	442.23
1887.87	8.09	447.16
1887.96	8.28	436.13
1888.04	8.37	436.14
1888.12	8.28	440.37
1888.21	8.28	425.39
1888.29	8.18	433.75
1888.37	8.09	446.61
1888.46	7.99	439.69
1888.54	8.09	447.51
1888.62	8.09	458.80
1888.71	8.09	471.88
1888.79	8.18	465.47
1888.87	8.28	452.32
1888.96	8.28	445.35
1889.04	7.99	471.94
1889.12	7.90	484.83
1889.21	7.80	482.31
1889.29	7.80	483.14
1889.37	7.61	510.40
1889.46	7.61	520.83
1889.54	7.61	512.04
1889.62	7.61	520.60
1889.71	7.71	528.40
1889.79	7.71	520.57
1889.87	7.71	517.52
1889.96	7.80	510.09
1890.04	7.61	530.54
1890.12	7.61	526.43
1890.21	7.61	524.29
1890.29	7.61	537.03
1890.37	7.71	554.84
1890.46	7.71	552.70
1890.54	7.71	550.56
1890.62	7.99	520.19
1890.71	8.09	507.26
1890.79	8.09	486.13
1890.87	7.90	463.38
1890.96	7.90	454.36
1891.04	7.80	485.73
1891.12	7.90	487.64
1891.21	7.99	474.79
1891.29	8.09	486.60
1891.37	7.99	492.23
1891.46	7.80	495.91
1891.54	7.71	495.65
1891.62	7.71	514.18
1891.71	7.61	564.79
1891.79	7.61	566.73
1891.87	7.52	567.26
1891.96	7.52	586.53
1892.04	7.33	614.95
1892.12	7.33	618.14
1892.21	7.14	643.68
1892.29	7.04	653.41
1892.37	7.04	655.65
1892.46	7.04	654.37
1892.54	7.23	639.37
1892.62	7.33	642.39
1892.71	7.33	628.63
1892.79	7.33	643.51
1892.87	7.52	627.20
1892.96	7.61	614.92
1893.04	7.90	605.61
1893.12	7.99	589.88
1893.21	7.80	584.55
1893.29	7.71	594.02
1893.37	7.61	550.52
1893.46	7.42	540.18
1893.54	7.23	505.15
1893.62	6.95	515.92
1893.71	7.23	533.28
1893.79	7.33	544.50
1893.87	7.14	570.30
1893.96	7.04	560.40
1894.04	6.85	566.90
1894.12	6.76	585.57
1894.21	6.57	623.18
1894.29	6.57	634.19
1894.37	6.57	613.30
1894.46	6.57	607.61
1894.54	6.57	597.65
1894.62	6.76	605.23
1894.71	6.85	608.78
1894.79	6.66	609.12
1894.87	6.66	611.62
1894.96	6.57	617.27
1895.04	6.57	612.58
1895.12	6.57	606.42
1895.21	6.57	608.89
1895.29	6.85	610.94
1895.37	6.95	637.99
1895.46	7.04	643.93
1895.54	6.95	657.82
1895.62	6.85	679.17
1895.71	6.85	685.72
1895.79	6.85	678.06
1895.87	6.85	657.50
1895.96	6.76	629.84
1896.04	6.66	633.77
1896.12	6.57	672.42
1896.21	6.57	664.21
1896.29	6.47	682.52
1896.37	6.37	692.00
1896.46	6.28	692.18
1896.54	6.28	649.77
1896.62	6.28	615.24
1896.71	6.28	649.99
1896.79	6.47	647.41
1896.87	6.66	674.18
1896.96	6.66	651.86
1897.04	6.47	673.42
1897.12	6.47	669.43
1897.21	6.47	673.43
1897.29	6.37	664.72
1897.37	6.28	680.61
1897.46	6.28	714.81
1897.54	6.28	749.13
1897.62	6.57	765.56
1897.71	6.76	782.37
1897.79	6.66	770.44
1897.87	6.66	745.66
1897.96	6.66	764.10
1898.04	6.66	787.45
1898.12	6.76	777.20
1898.21	6.76	744.55
1898.29	6.76	734.23
1898.37	7.23	733.31
1898.46	6.76	818.13
1898.54	6.66	835.72
1898.62	6.66	869.62
1898.71	6.66	870.65
1898.79	6.66	855.16
1898.87	6.66	886.13
1898.96	6.76	930.58
1899.04	6.76	1004.16
1899.12	6.95	1016.29
1899.21	6.95	1033.51
1899.29	7.04	1034.99
1899.37	7.04	994.58
1899.46	7.14	961.89
1899.54	7.23	984.76
1899.62	7.33	999.40
1899.71	7.61	954.05
1899.79	7.71	940.40
1899.87	7.80	949.07
1899.96	7.90	876.31
1900.04	7.90	890.59
1900.12	7.99	898.57
1900.21	7.99	908.61
1900.29	7.99	923.12
1900.37	7.80	903.96
1900.46	7.71	891.07
1900.54	7.80	883.49
1900.62	7.71	910.04
1900.71	7.80	881.26
1900.79	7.71	928.09
1900.87	7.71	1004.44
1900.96	7.61	1082.12
1901.04	7.71	1103.79
1901.12	7.61	1150.03
1901.21	7.61	1195.31
1901.29	7.52	1316.10
1901.37	7.52	1253.96
1901.46	7.52	1383.06
1901.54	7.61	1278.36
1901.62	7.71	1284.25
1901.71	7.80	1266.42
1901.79	7.80	1256.35
1901.87	7.90	1272.05
1901.96	7.99	1240.83
1902.04	7.90	1286.86
1902.12	7.90	1302.20
1902.21	7.90	1308.06
1902.29	7.99	1340.87
1902.37	8.09	1326.19
1902.46	8.18	1307.22
1902.54	8.18	1340.98
1902.62	8.09	1397.33
1902.71	8.18	1388.48
1902.79	8.75	1260.87
1902.87	8.47	1257.37
1902.96	8.56	1218.87
1903.04	8.66	1271.01
1903.12	8.66	1267.67
1903.21	8.37	1263.80
1903.29	8.37	1216.57
1903.37	8.18	1225.30
1903.46	8.18	1162.16
1903.54	8.18	1113.35
1903.62	8.18	1082.24
1903.71	8.28	1048.62
1903.79	8.18	1031.13
1903.87	8.09	1051.43
1903.96	8.09	1104.86
1904.04	8.28	1102.28
1904.12	8.47	1053.10
1904.21	8.37	1066.42
1904.29	8.28	1109.99
1904.37	8.09	1116.90
1904.46	8.09	1123.35
1904.54	8.09	1174.63
1904.62	8.18	1204.98
1904.71	8.28	1248.33
1904.79	8.28	1326.16
1904.87	8.47	1370.99
1904.96	8.47	1388.75
1905.04	8.47	1423.42
1905.12	8.47	1490.30
1905.21	8.37	1554.54
1905.29	8.37	1540.18
1905.37	8.28	1485.83
1905.46	8.28	1507.98
1905.54	8.28	1560.02
1905.62	8.37	1604.35
1905.71	8.28	1632.87
1905.79	8.28	1660.68
1905.87	8.37	1637.83
1905.96	8.47	1664.23
1906.04	8.47	1726.68
1906.12	8.47	1719.42
1906.21	8.47	1682.39
1906.29	8.47	1664.70
1906.37	8.56	1607.78
1906.46	8.56	1634.12
1906.54	8.28	1652.46
1906.62	8.47	1740.39
1906.71	8.56	1779.75
1906.79	8.75	1694.59
1906.87	8.85	1716.50
1906.96	8.94	1688.54
1907.04	8.85	1663.97
1907.12	9.04	1583.59
1907.21	8.94	1449.06
1907.29	8.94	1461.98
1907.37	9.13	1387.96
1907.46	9.23	1335.51
1907.54	9.23	1392.62
1907.62	9.23	1294.34
1907.71	9.23	1286.75
1907.79	9.32	1141.32
1907.87	8.94	1126.52
1907.96	8.75	1216.68
1908.04	8.66	1289.29
1908.12	8.56	1262.91
1908.21	8.56	1321.44
1908.29	8.66	1384.06
1908.37	8.66	1465.36
1908.46	8.66	1474.00
1908.54	8.75	1518.04
1908.62	8.75	1589.81
1908.71	8.75	1579.06
1908.79	8.85	1587.70
1908.87	8.94	1683.55
1908.96	9.04	1709.85
1909.04	8.94	1740.21
1909.12	9.04	1678.92
1909.21	9.04	1708.33
1909.29	9.23	1754.60
1909.37	9.32	1800.93
1909.46	9.42	1820.69
1909.54	9.42	1853.25
1909.62	9.51	1885.57
1909.71	9.61	1875.32
1909.79	9.80	1852.64
1909.87	9.90	1832.38
1909.96	9.99	1842.85
1910.04	9.90	1827.50
1910.12	9.90	1768.95
1910.21	10.09	1785.10
1910.29	10.18	1732.46
1910.37	9.99	1743.24
1910.46	9.90	1682.30
1910.54	9.90	1604.30
1910.62	9.80	1666.44
1910.71	9.70	1701.52
1910.79	9.42	1841.37
1910.87	9.23	1885.19
1910.96	9.23	1840.47
1911.04	9.23	1893.17
1911.12	8.94	1995.56
1911.21	9.04	1959.72
1911.29	8.75	2023.44
1911.37	8.75	2075.59
1911.46	8.75	2125.76
1911.54	8.85	2102.74
1911.62	9.13	1948.00
1911.71	9.23	1831.04
1911.79	9.23	1849.87
1911.87	9.13	1952.55
1911.96	9.04	1990.33
1912.04	9.13	1980.23
1912.12	9.23	1951.09
1912.21	9.42	1974.97
1912.29	9.70	1984.79
1912.37	9.70	1990.90
1912.46	9.61	2018.92
1912.54	9.61	2029.39
1912.62	9.70	2063.91
1912.71	9.80	2062.58
1912.79	9.80	2066.73
1912.87	9.80	2052.01
1912.96	9.70	2006.12
1913.04	9.80	1978.16
1913.12	9.80	1916.48
1913.21	9.80	1888.70
1913.29	9.80	1895.14
1913.37	9.70	1871.12
1913.46	9.80	1767.54
1913.54	9.90	1782.01
1913.62	9.90	1838.31
1913.71	10.00	1845.77
1913.79	10.00	1796.00
1913.87	10.10	1741.62
1913.96	10.00	1765.59
1914.04	10.00	1846.75
1914.12	9.90	1898.65
1914.21	9.90	1871.51
1914.29	9.80	1853.87
1914.37	9.90	1855.01
1914.46	9.90	1854.44
1914.54	10.00	1742.65
1914.62	10.20	1716.64
1914.71	10.20	1724.74
1914.79	10.10	1749.95
1914.87	10.20	1740.78
1914.96	10.10	1690.49
1915.04	10.10	1728.45
1915.12	10.00	1730.60
1915.21	9.90	1801.43
1915.29	10.00	1926.01
1915.37	10.10	1870.71
1915.46	10.10	1900.22
1915.54	10.10	1901.52
1915.62	10.10	1990.67
1915.71	10.10	2073.07
1915.79	10.20	2174.99
1915.87	10.30	2237.71
1915.96	10.30	2250.91
1916.04	10.40	2202.64
1916.12	10.40	2180.83
1916.21	10.50	2162.07
1916.29	10.60	2127.53
1916.37	10.70	2163.49
1916.46	10.80	2173.81
1916.54	10.80	2153.41
1916.62	10.90	2159.79
1916.71	11.10	2217.56
1916.79	11.30	2255.91
1916.87	11.50	2277.93
1916.96	11.60	2177.93
1917.04	11.70	2119.12
1917.12	12.00	1960.02
1917.21	12.00	2031.51
1917.29	12.60	1916.13
1917.37	12.80	1832.95
1917.46	13.00	1852.03
1917.54	12.80	1839.97
1917.62	13.00	1769.18
1917.71	13.30	1657.27
1917.79	13.50	1555.44
1917.87	13.50	1437.28
1917.96	13.70	1379.59
1918.04	14.00	1442.67
1918.12	14.10	1487.24
1918.21	14.00	1478.71
1918.29	14.20	1454.72
1918.37	14.50	1480.60
1918.46	14.70	1472.73
1918.54	15.10	1455.20
1918.62	15.40	1449.81
1918.71	15.70	1423.98
1918.79	16.00	1465.70
1918.87	16.30	1484.18
1918.96	16.50	1445.72
1919.04	16.50	1445.21
1919.12	16.20	1486.41
1919.21	16.40	1521.69
1919.29	16.70	1552.58
1919.37	16.90	1648.70
1919.46	16.90	1701.24
1919.54	17.40	1714.35
1919.62	17.70	1579.90
1919.71	17.80	1603.79
1919.79	18.10	1665.56
1919.87	18.50	1589.01
1919.96	18.90	1517.16
1920.04	19.30	1478.06
1920.12	19.50	1349.23
1920.21	19.70	1436.73
1920.29	20.30	1390.02
1920.37	20.60	1290.69
1920.46	20.90	1256.91
1920.54	20.80	1268.24
1920.62	20.30	1255.63
1920.71	20.00	1326.94
1920.79	19.90	1342.55
1920.87	19.80	1288.13
1920.96	19.40	1204.40
1921.04	19.00	1291.55
1921.12	18.40	1332.13
1921.21	18.30	1313.12
1921.29	18.10	1341.35
1921.37	17.70	1421.44
1921.46	17.60	1323.19
1921.54	17.70	1319.75
1921.62	17.70	1311.61
1921.71	17.50	1367.60
1921.79	17.50	1394.30
1921.87	17.40	1485.76
1921.96	17.30	1555.37
1922.04	16.90	1598.44
1922.12	16.90	1642.02
1922.21	16.70	1732.82
1922.29	16.70	1846.94
1922.37	16.70	1927.94
1922.46	16.70	1918.99
1922.54	16.80	1930.32
1922.62	16.60	2036.47
1922.71	16.60	2099.08
1922.79	16.70	2142.19
1922.87	16.80	2033.35
1922.96	16.90	2026.49
1923.04	16.80	2076.32
1923.12	16.80	2174.95
1923.21	16.80	2220.16
1923.29	16.90	2139.87
1923.37	16.90	2048.91
1923.46	17.00	1969.51
1923.54	17.20	1891.40
1923.62	17.10	1922.20
1923.71	17.20	1933.14
1923.79	17.30	1904.02
1923.87	17.30	1971.36
1923.96	17.30	2048.64
1924.04	17.30	2126.34
1924.12	17.20	2159.16
1924.21	17.10	2141.08
1924.29	17.00	2115.23
1924.37	17.00	2118.93
1924.46	17.00	2170.22
1924.54	17.10	2268.81
1924.62	17.00	2371.95
1924.71	17.10	2346.82
1924.79	17.20	2314.40
1924.87	17.20	2455.26
1924.96	17.30	2584.35
1925.04	17.30	2702.93
1925.12	17.20	2753.73
1925.21	17.30	2677.99
1925.29	17.20	2677.29
1925.37	17.30	2759.58
1925.46	17.50	2789.21
1925.54	17.70	2846.62
1925.62	17.70	2897.56
1925.71	17.70	2977.13
1925.79	17.70	3088.18
1925.87	18.00	3143.88
1925.96	17.90	3225.91
1926.04	17.90	3288.21
1926.12	17.90	3306.73
1926.21	17.80	3113.21
1926.29	17.90	3023.08
1926.37	17.80	3075.32
1926.46	17.70	3254.21
1926.54	17.50	3444.80
1926.62	17.40	3616.96
1926.71	17.50	3666.36
1926.79	17.60	3578.82
1926.87	17.70	3620.61
1926.96	17.70	3718.74
1927.04	17.50	3752.33
1927.12	17.40	3863.63
1927.21	17.30	3962.54
1927.29	17.30	4076.73
1927.37	17.40	4210.27
1927.46	17.60	4233.45
1927.54	17.30	4420.07
1927.62	17.20	4700.46
1927.71	17.30	4956.81
1927.79	17.40	4871.02
1927.87	17.30	5029.47
1927.96	17.30	5166.32
1928.04	17.30	5206.18
1928.12	17.10	5223.59
1928.21	17.10	5523.92
1928.29	17.10	5892.10
1928.37	17.20	6059.23
1928.46	17.10	5816.59
1928.54	17.10	5880.22
1928.62	17.10	6091.56
1928.71	17.30	6465.31
1928.79	17.20	6656.40
1928.87	17.20	7127.98
1928.96	17.10	7219.67
1929.04	17.10	7775.31
1929.12	17.10	7838.65
1929.21	17.00	8046.72
1929.29	16.90	8070.20
1929.37	17.00	8167.12
1929.46	17.10	8298.40
1929.54	17.30	8957.37
1929.62	17.30	9491.25
1929.71	17.30	9894.34
1929.79	17.30	8873.03
1929.87	17.30	6549.37
1929.96	17.20	6875.80
1930.04	17.10	7042.34
1930.12	17.00	7553.94
1930.21	16.90	7911.88
1930.29	17.00	8391.38
1930.37	16.90	7964.00
1930.46	16.80	7228.76
1930.54	16.60	7187.11
1930.62	16.50	7165.92
1930.71	16.60	7147.23
1930.79	16.50	6229.11
1930.87	16.40	5840.98
1930.96	16.10	5581.69
1931.04	15.90	5852.52
1931.12	15.70	6409.05
1931.21	15.60	6603.26
1931.29	15.50	6042.02
1931.37	15.30	5559.88
1931.46	15.10	5482.17
1931.54	15.10	5693.19
1931.62	15.10	5551.27
1931.71	15.00	4784.88
1931.79	14.90	4202.37
1931.87	14.70	4346.58
1931.96	14.60	3583.78
1932.04	14.30	3626.93
1932.12	14.10	3675.67
1932.21	14.00	3743.16
1932.29	13.90	2893.49
1932.37	13.70	2602.53
1932.46	13.60	2295.74
1932.54	13.60	2436.65
1932.62	13.50	3714.17
1932.71	13.40	4128.67
1932.79	13.30	3608.83
1932.87	13.20	3622.83
1932.96	13.10	3552.97
1933.04	12.90	3772.72
1933.12	12.70	3400.18
1933.21	12.60	3438.36
1933.29	12.60	3824.70
1933.37	12.60	4945.79
1933.46	12.70	5769.37
1933.54	13.10	6066.26
1933.62	13.20	5740.64
1933.71	13.20	5712.62
1933.79	13.20	5176.72
1933.87	13.20	5321.50
1933.96	13.20	5444.83
1934.04	13.20	5776.18
1934.12	13.30	6177.02
1934.21	13.30	5880.65
1934.29	13.30	5999.44
1934.37	13.30	5409.94
1934.46	13.40	5461.02
1934.54	13.40	5223.21
1934.62	13.40	5039.67
1934.71	13.60	4865.86
1934.79	13.50	4961.17
1934.87	13.50	5120.50
1934.96	13.40	5213.38
1935.04	13.60	5157.52
1935.12	13.70	4985.79
1935.21	13.70	4690.14
1935.29	13.80	5025.56
1935.37	13.80	5440.80
1935.46	13.70	5709.11
1935.54	13.70	6028.79
1935.62	13.70	6457.12
1935.71	13.70	6614.24
1935.79	13.70	6812.22
1935.87	13.80	7420.04
1935.96	13.80	7442.32
1936.04	13.80	7876.08
1936.12	13.80	8351.64
1936.21	13.70	8615.93
1936.29	13.70	8652.49
1936.37	13.70	8218.96
1936.46	13.80	8533.40
1936.54	13.90	9001.15
1936.62	14.00	9143.14
1936.71	14.00	9276.13
1936.79	14.00	9792.75
1936.87	14.00	10098.27
1936.96	14.00	9958.67
1937.04	14.10	10230.49
1937.12	14.10	10568.79
1937.21	14.20	10518.99
1937.29	14.30	9859.35
1937.37	14.40	9392.29
1937.46	14.40	9080.17
1937.54	14.50	9593.00
1937.62	14.50	9729.69
1937.71	14.60	8332.03
1937.79	14.60	7157.89
1937.87	14.50	6612.03
1937.96	14.40	6590.57
1938.04	14.20	6899.37
1938.12	14.10	6822.70
1938.21	14.10	6411.73
1938.29	14.20	6146.68
1938.37	14.10	6285.90
1938.46	14.10	6469.60
1938.54	14.10	7793.59
1938.62	14.10	7874.59
1938.71	14.10	7551.55
1938.79	14.00	8486.32
1938.87	14.00	8523.14
1938.96	14.00	8303.05
1939.04	14.00	8206.73
1939.12	13.90	8228.11
1939.21	13.90	8250.23
1939.29	13.80	7292.97
1939.37	13.80	7591.89
1939.46	13.80	7756.95
1939.54	13.80	7977.51
1939.62	13.80	7892.92
1939.71	14.10	8579.60
1939.79	14.00	8761.55
1939.87	14.00	8639.30
1939.96	14.00	8469.97
1940.04	13.90	8518.45
1940.12	14.00	8438.51
1940.21	14.00	8426.42
1940.29	14.00	8546.44
1940.37	14.00	7406.64
1940.46	14.10	6759.23
1940.54	14.00	7071.31
1940.62	14.00	7259.08
1940.71	14.00	7604.84
1940.79	14.00	7716.32
1940.87	14.00	7936.26
1940.96	14.10	7597.09
1941.04	14.10	7652.00
1941.12	14.10	7214.20
1941.21	14.20	7247.90
1941.29	14.30	7014.17
1941.37	14.40	6855.07
1941.46	14.70	6991.11
1941.54	14.70	7390.65
1941.62	14.90	7297.17
1941.71	15.10	7262.81
1941.79	15.30	6921.91
1941.87	15.40	6596.35
1941.96	15.50	6168.51
1942.04	15.70	6248.86
1942.12	15.80	6054.99
1942.21	16.00	5694.16
1942.29	16.10	5462.79
1942.37	16.30	5496.13
1942.46	16.30	5811.48
1942.54	16.40	6028.36
1942.62	16.50	5993.76
1942.71	16.50	6092.60
1942.79	16.70	6498.74
1942.87	16.80	6598.68
1942.96	16.90	6628.33
1943.04	16.90	7059.42
1943.12	16.90	7513.61
1943.21	17.20	7678.94
1943.29	17.40	7878.10
1943.37	17.50	8174.87
1943.46	17.50	8353.05
1943.54	17.40	8608.97
1943.62	17.30	8265.91
1943.71	17.40	8428.42
1943.79	17.40	8386.43
1943.87	17.40	8033.86
1943.96	17.40	8176.27
1944.04	17.40	8476.19
1944.12	17.40	8455.73
1944.21	17.40	8729.92
1944.29	17.50	8566.65
1944.37	17.50	8755.58
1944.46	17.60	9153.72
1944.54	17.70	9376.99
1944.62	17.70	9278.21
1944.71	17.70	9164.73
1944.79	17.70	9429.01
1944.87	17.70	9402.23
1944.96	17.80	9592.50
1945.04	17.80	9917.34
1945.12	17.80	10287.78
1945.21	17.80	10320.37
1945.29	17.80	10619.81
1945.37	17.90	10999.88
1945.46	18.10	11116.29
1945.54	18.10	10928.03
1945.62	18.10	11005.46
1945.71	18.10	11795.80
1945.79	18.10	12328.25
1945.87	18.10	12772.81
1945.96	18.20	12959.82
1946.04	18.20	13517.36
1946.12	18.10	13672.08
1946.21	18.30	13160.96
1946.29	18.40	13975.50
1946.37	18.50	13971.96
1946.46	18.70	13775.72
1946.54	19.80	12679.15
1946.62	20.20	12226.49
1946.71	20.40	10360.74
1946.79	20.80	9971.63
1946.87	21.30	9736.64
1946.96	21.50	9973.84
1947.04	21.50	10065.76
1947.12	21.50	10495.74
1947.21	21.90	9925.79
1947.29	21.90	9599.15
1947.37	21.90	9469.11
1947.46	22.00	9796.37
1947.54	22.20	10358.48
1947.62	22.50	10061.59
1947.71	23.00	9630.10
1947.79	23.00	9922.47
1947.87	23.10	9808.29
1947.96	23.40	9574.75
1948.04	23.70	9371.96
1948.12	23.50	9031.43
1948.21	23.40	9244.24
1948.29	23.80	9833.04
1948.37	23.90	10313.82
1948.46	24.10	10697.41
1948.54	24.40	10359.46
1948.62	24.50	10060.79
1948.71	24.50	9992.94
1948.79	24.40	10354.88
1948.87	24.20	9908.97
1948.96	24.10	9935.45
1949.04	24.00	10140.32
1949.12	23.80	9886.19
1949.21	23.80	10034.57
1949.29	23.90	10034.65
1949.37	23.80	10059.15
1949.46	23.90	9525.69
1949.54	23.70	10208.13
1949.62	23.80	10589.55
1949.71	23.90	10742.96
1949.79	23.70	11175.93
1949.87	23.80	11347.64
1949.96	23.60	11816.75
1950.04	23.50	12179.73
1950.12	23.50	12487.59
1950.21	23.60	12606.28
1950.29	23.60	13033.75
1950.37	23.70	13487.41
1950.46	23.80	13722.08
1950.54	24.10	12642.74
1950.62	24.30	13373.56
1950.71	24.40	13868.58
1950.79	24.60	14408.09
1950.87	24.70	14406.53
1950.96	25.00	14264.15
1951.04	25.40	15165.45
1951.12	25.70	15635.22
1951.21	25.80	15402.35
1951.29	25.80	15699.84
1951.37	25.90	15738.32
1951.46	25.90	15558.90
1951.54	25.90	15926.32
1951.62	25.90	16716.30
1951.71	26.10	17107.57
1951.79	26.20	17044.89
1951.87	26.40	16532.37
1951.96	26.50	17062.86
1952.04	26.50	17717.23
1952.12	26.30	17614.37
1952.21	26.30	17746.63
1952.29	26.40	17715.92
1952.37	26.40	17798.00
1952.46	26.50	18306.80
1952.54	26.70	18781.41
1952.62	26.70	18946.79
1952.71	26.70	18736.73
1952.79	26.70	18434.07
1952.87	26.70	19109.28
1952.96	26.70	19970.08
1953.04	26.60	20243.37
1953.12	26.50	20162.59
1953.21	26.60	20279.04
1953.29	26.60	19372.20
1953.37	26.70	19493.39
1953.46	26.80	18817.34
1953.54	26.80	19177.45
1953.62	26.90	19277.89
1953.71	26.90	18486.17
1953.79	27.00	19066.06
1953.87	26.90	19655.88
1953.96	26.90	20017.57
1954.04	26.90	20623.33
1954.12	26.90	21175.73
1954.21	26.90	21723.02
1954.29	26.80	22774.02
1954.37	26.90	23692.34
1954.46	26.90	23981.66
1954.54	26.90	25051.05
1954.62	26.90	25651.30
1954.71	26.80	26452.90
1954.79	26.80	27171.58
1954.87	26.80	28342.19
1954.96	26.70	29859.14
1955.04	26.70	30507.11
1955.12	26.70	31637.80
1955.21	26.70	31500.21
1955.29	26.70	32700.04
1955.37	26.70	32674.54
1955.46	26.70	34682.67
1955.54	26.80	37195.76
1955.62	26.80	37085.63
1955.71	26.90	38728.54
1955.79	26.90	36899.16
1955.87	26.90	39507.00
1955.96	26.80	40145.50
1956.04	26.80	39189.12
1956.12	26.80	39563.41
1956.21	26.80	42416.61
1956.29	26.90	42887.26
1956.37	27.00	41517.31
1956.46	27.20	41105.78
1956.54	27.40	43152.58
1956.62	27.30	43188.32
1956.71	27.40	41702.53
1956.79	27.50	41152.19
1956.87	27.50	40856.53
1956.96	27.60	41442.42
1957.04	27.60	40670.26
1957.12	27.70	38903.97
1957.21	27.80	39391.96
1957.29	27.90	40288.57
1957.37	28.00	41814.78
1957.46	28.10	42480.20
1957.54	28.30	43160.20
1957.62	28.30	40914.40
1957.71	28.30	39385.17
1957.79	28.30	37063.52
1957.87	28.40	36268.81
1957.96	28.40	36384.91
1958.04	28.60	36971.34
1958.12	28.60	37230.34
1958.21	28.80	37865.62
1958.29	28.90	38071.88
1958.37	28.90	39425.42
1958.46	28.90	40502.77
1958.54	29.00	41602.56
1958.62	28.90	43439.05
1958.71	28.90	44717.78
1958.79	28.90	46667.54
1958.87	29.00	48054.05
1958.96	28.90	49263.57
1959.04	29.00	51182.99
1959.12	28.90	50710.88
1959.21	28.90	52134.43
1959.29	29.00	52961.24
1959.37	29.00	53896.74
1959.46	29.10	53386.41
1959.54	29.20	55453.32
1959.62	29.20	55277.21
1959.71	29.30	53049.01
1959.79	29.40	52962.53
1959.87	29.40	53317.42
1959.96	29.40	55164.38
1960.04	29.30	54533.10
1960.12	29.40	52388.94
1960.21	29.40	51826.98
1960.29	29.50	52469.86
1960.37	29.50	52142.42
1960.46	29.60	54038.99
1960.54	29.60	52852.23
1960.62	29.60	53640.18
1960.71	29.60	52180.76
1960.79	29.80	50962.93
1960.87	29.80	52767.45
1960.96	29.80	54187.24
1961.04	29.80	57127.68
1961.12	29.80	59626.24
1961.21	29.80	61651.51
1961.29	29.80	63451.12
1961.37	29.80	64252.73
1961.46	29.80	63558.68
1961.54	30.00	63117.85
1961.62	29.90	65760.66
1961.71	30.00	65186.95
1961.79	30.00	66064.06
1961.87	30.00	69218.29
1961.96	30.00	70024.93
1962.04	30.00	67583.62
1962.12	30.10	68645.85
1962.21	30.10	68880.47
1962.29	30.20	66631.15
1962.37	30.20	61844.20
1962.46	30.20	54786.62
1962.54	30.30	56090.19
1962.62	30.30	57786.36
1962.71	30.40	57255.08
1962.79	30.40	55621.06
1962.87	30.40	59627.63
1962.96	30.40	62386.05
1963.04	30.40	64973.58
1963.12	30.40	66010.81
1963.21	30.50	65723.68
1963.29	30.50	68996.91
1963.37	30.50	70564.24
1963.46	30.60	70487.39
1963.54	30.70	69399.60
1963.62	30.70	71503.48
1963.71	30.70	73572.79
1963.79	30.80	73702.46
1963.87	30.80	73478.48
1963.96	30.90	74995.55
1964.04	30.90	77494.45
1964.12	30.90	78642.70
1964.21	30.90	80272.84
1964.29	30.90	81633.36
1964.37	30.90	82630.99
1964.46	31.00	82077.04
1964.54	31.10	85055.47
1964.62	31.00	84285.69
1964.71	31.10	85667.65
1964.79	31.10	87357.17
1964.87	31.20	87894.76
1964.96	31.20	86586.56
1965.04	31.20	89030.41
1965.12	31.20	89899.95
1965.21	31.30	89914.88
1965.29	31.40	91026.34
1965.37	31.40	92605.18
1965.46	31.60	87873.17
1965.54	31.60	87965.02
1965.62	31.60	89830.07
1965.71	31.60	93061.90
1965.79	31.70	95086.33
1965.87	31.70	96111.17
1965.96	31.80	95607.92
1966.04	31.80	97503.12
1966.12	32.00	96478.41
1966.21	32.10	92464.87
1966.29	32.30	94945.48
1966.37	32.30	90192.44
1966.46	32.40	89412.42
1966.54	32.50	89155.43
1966.62	32.70	83499.54
1966.71	32.70	80808.53
1966.79	32.90	79863.41
1966.87	32.90	84108.42
1966.96	32.90	84709.88
1967.04	32.90	88209.52
1967.12	32.90	91500.62
1967.21	33.00	93626.80
1967.29	33.10	95203.79
1967.37	33.20	96870.12
1967.46	33.30	95621.32
1967.54	33.40	97235.08
1967.62	33.50	98740.48
1967.71	33.60	100075.41
1967.79	33.70	99875.65
1967.87	33.80	96710.52
1967.96	33.90	99425.74
1968.04	34.10	98826.18
1968.12	34.20	94343.36
1968.21	34.30	92602.43
1968.29	34.40	99408.71
1968.37	34.50	101656.92
1968.46	34.70	104044.34
1968.54	34.90	103499.85
1968.62	35.00	101209.39
1968.71	35.10	104462.18
1968.79	35.30	106693.81
1968.87	35.40	108293.46
1968.96	35.50	109377.54
1969.04	35.60	104724.55
1969.12	35.80	103891.91
1969.21	36.10	101057.64
1969.29	36.30	102787.33
1969.37	36.40	106107.30
1969.46	36.60	100282.21
1969.54	36.80	95543.47
1969.62	37.00	94758.07
1969.71	37.10	95097.19
1969.79	37.30	95861.10
1969.87	37.50	96301.20
1969.96	37.70	90974.75
1970.04	37.80	90199.90
1970.12	38.00	86857.74
1970.21	38.20	88141.92
1970.29	38.50	85052.37
1970.37	38.60	75331.95
1970.46	38.80	74741.65
1970.54	39.00	74747.20
1970.62	39.00	77181.08
1970.71	39.20	81641.52
1970.79	39.40	83247.89
1970.87	39.60	82997.33
1970.96	39.80	88490.28
1971.04	39.80	92127.02
1971.12	39.90	95709.97
1971.21	40.00	98173.46
1971.29	40.10	101526.13
1971.37	40.30	99902.80
1971.46	40.60	97581.81
1971.54	40.70	96891.12
1971.62	40.80	95187.02
1971.71	40.80	97553.48
1971.79	40.90	95500.78
1971.87	40.90	91325.40
1971.96	41.10	97390.80
1972.04	41.10	101697.95
1972.12	41.30	103317.58
1972.21	41.40	105768.01
1972.29	41.50	106841.45
1972.37	41.60	105757.64
1972.46	41.70	106048.52
1972.54	41.90	105010.81
1972.62	42.00	108724.88
1972.71	42.10	107153.95
1972.79	42.30	107094.38
1972.87	42.40	112457.39
1972.96	42.50	114788.03
1973.04	42.60	115652.12
1973.12	42.90	111025.22
1973.21	43.30	108520.24
1973.29	43.60	106014.61
1973.37	43.90	102585.75
1973.46	44.20	99863.40
1973.54	44.30	100845.16
1973.62	45.10	97437.64
1973.71	45.20	99163.24
1973.79	45.60	102459.27
1973.87	45.90	94816.93
1973.96	46.20	87793.40
1974.04	46.60	88521.39
1974.12	47.20	85236.44
1974.21	47.80	88018.35
1974.29	48.00	83431.24
1974.37	48.60	80173.20
1974.46	49.00	79883.79
1974.54	49.40	70248.27
1974.62	50.00	66794.53
1974.71	50.60	59395.45
1974.79	51.10	60212.50
1974.87	51.50	61981.58
1974.96	51.90	57757.41
1975.04	52.10	62504.28
1975.12	52.50	68733.42
1975.21	52.70	71879.82
1975.29	52.90	72673.84
1975.37	53.20	77115.80
1975.46	53.60	78756.81
1975.54	54.20	78221.42
1975.62	54.30	72614.88
1975.71	54.60	71600.12
1975.79	54.90	74748.14
1975.87	55.30	75721.86
1975.96	55.50	74558.27
1976.04	55.60	81528.40
1976.12	55.80	84630.58
1976.21	55.90	85157.28
1976.29	56.10	85784.86
1976.37	56.50	84852.69
1976.46	56.80	85166.28
1976.54	57.10	86978.96
1976.62	57.40	86041.37
1976.71	57.60	87834.99
1976.79	57.90	84668.54
1976.87	58.00	84217.27
1976.96	58.20	87110.40
1977.04	58.50	86201.30
1977.12	59.10	83308.32
1977.21	59.50	82706.62
1977.29	60.00	81042.23
1977.37	60.30	80694.89
1977.46	60.70	80888.24
1977.54	61.00	81525.82
1977.62	61.20	79573.48
1977.71	61.40	78385.23
1977.79	61.60	76417.36
1977.87	61.90	76796.96
1977.96	62.10	76492.12
1978.04	62.50	73428.73
1978.12	62.90	72255.52
1978.21	63.40	71879.03
1978.29	63.90	74763.64
1978.37	64.50	78147.55
1978.46	65.20	77831.69
1978.54	65.70	77193.66
1978.62	66.00	82476.35
1978.71	66.50	82185.80
1978.79	67.10	79192.96
1978.87	67.40	74554.48
1978.96	67.70	75652.40
1979.04	68.30	78129.10
1979.12	69.10	76411.13
1979.21	69.80	77418.58
1979.29	70.60	78404.94
1979.37	71.50	75955.43
1979.46	72.30	76933.92
1979.54	73.10	77176.64
1979.62	73.80	80281.32
1979.71	74.60	80647.32
1979.79	75.20	77324.58
1979.87	75.90	76367.27
1979.96	76.70	78901.70
1980.04	77.80	80365.77
1980.12	78.90	82731.82
1980.21	80.10	74342.08
1980.29	81.00	72664.49
1980.37	81.80	75580.25
1980.46	82.70	79890.82
1980.54	82.70	83863.47
1980.62	83.30	86179.90
1980.71	84.00	87887.77
1980.79	84.80	89954.86
1980.87	85.50	93337.25
1980.96	86.30	91322.65
1981.04	87.00	90599.18
1981.12	87.90	86920.72
1981.21	88.50	89910.64
1981.29	89.10	90462.65
1981.37	89.80	88307.90
1981.46	90.60	88280.81
1981.54	91.60	85558.89
1981.62	92.30	85593.85
1981.71	93.20	77731.70
1981.79	93.40	78907.00
1981.87	93.70	81050.40
1981.96	94.00	81746.57
1982.04	94.30	77573.44
1982.12	94.60	75849.12
1982.21	94.50	73847.12
1982.29	94.90	77559.43
1982.37	95.80	77270.11
1982.46	97.00	72293.60
1982.54	97.50	72098.97
1982.62	97.70	72523.39
1982.71	97.90	81130.74
1982.79	98.20	88066.79
1982.87	98.00	92217.90
1982.96	97.60	93851.35
1983.04	97.80	97337.01
1983.12	97.90	99309.51
1983.21	97.90	103149.19
1983.29	98.60	106716.29
1983.37	99.20	110763.97
1983.46	99.50	112366.96
1983.54	99.90	112710.69
1983.62	100.20	109669.32
1983.71	100.70	112742.12
1983.79	101.00	113137.24
1983.87	101.20	111626.51
1983.96	101.30	111375.12
1984.04	101.90	112465.88
1984.12	102.40	106197.02
1984.21	102.60	106460.55
1984.29	103.10	106484.04
1984.37	103.40	105909.35
1984.46	103.70	103653.53
1984.54	104.10	102318.54
1984.62	104.50	111312.16
1984.71	105.00	112342.08
1984.79	105.30	111562.85
1984.87	105.30	113000.26
1984.96	105.30	112203.55
1985.04	105.50	117254.14
1985.12	106.00	123457.42
1985.21	106.40	122407.45
1985.29	106.90	123084.89
1985.37	107.30	125982.15
1985.46	107.60	128786.96
1985.54	107.80	131438.67
1985.62	108.00	128776.20
1985.71	108.30	126000.68
1985.79	108.70	127415.63
1985.87	109.00	135224.31
1985.96	109.30	141994.11
1986.04	109.60	142672.21
1986.12	109.30	151216.80
1986.21	108.80	161306.39
1986.29	108.60	166035.24
1986.37	108.90	166393.75
1986.46	109.50	170668.49
1986.54	109.50	167592.29
1986.62	109.70	171104.83
1986.71	110.20	166147.33
1986.79	110.30	165848.48
1986.87	110.40	171553.26
1986.96	110.50	174328.07
1987.04	111.20	184792.17
1987.12	111.60	196029.24
1987.21	112.10	203696.82
1987.29	112.70	200880.63
1987.37	113.10	200519.60
1987.46	113.50	208804.85
1987.54	113.80	214758.99
1987.62	114.40	227423.18
1987.71	115.00	219383.36
1987.79	115.30	192877.62
1987.87	115.40	169003.38
1987.96	115.40	166750.57
1988.04	115.70	173383.66
1988.12	116.00	178694.20
1988.21	116.50	183680.67
1988.29	117.10	181125.76
1988.37	117.50	176564.48
1988.46	118.00	186367.48
1988.54	118.50	185015.91
1988.62	119.00	181076.80
1988.71	119.80	183338.31
1988.79	120.20	189679.94
1988.87	120.30	185698.58
1988.96	120.50	189708.73
1989.04	121.10	195403.20
1989.12	121.60	201025.98
1989.21	122.30	199558.68
1989.29	123.10	205333.76
1989.37	123.80	212581.07
1989.46	124.10	219271.76
1989.54	124.40	224871.16
1989.62	124.60	235048.38
1989.71	125.00	235373.86
1989.79	125.60	234923.76
1989.87	125.90	230120.78
1989.96	126.10	236051.24
1990.04	127.40	228480.66
1990.12	128.00	221667.61
1990.21	128.70	226435.24
1990.29	128.90	226533.49
1990.37	129.20	234717.35
1990.46	129.90	240858.79
1990.54	130.40	240346.18
1990.62	131.60	219435.82
1990.71	132.70	208172.52
1990.79	133.50	202138.42
1990.87	133.80	207707.85
1990.96	133.80	217238.80
1991.04	134.60	214468.94
1991.12	134.80	239007.09
1991.21	135.00	245918.90
1991.29	135.20	251102.88
1991.37	135.60	249914.87
1991.46	136.00	250045.06
1991.54	136.20	251628.97
1991.62	136.60	257615.75
1991.71	137.20	255714.11
1991.79	137.40	255804.24
1991.87	137.80	255100.53
1991.96	137.90	257297.89
1992.04	138.10	275832.09
1992.12	138.60	273187.88
1992.21	139.30	269065.48
1992.29	139.50	269389.85
1992.37	139.70	274568.13
1992.46	140.20	269952.60
1992.54	140.50	274528.30
1992.62	140.90	276328.18
1992.71	141.30	276589.84
1992.79	141.80	272355.91
1992.87	142.00	279470.14
1992.96	141.90	288815.93
1993.04	142.60	287810.13
1993.12	143.10	291751.56
1993.21	143.60	296988.80
1993.29	144.00	292190.80
1993.37	144.20	293900.91
1993.46	144.40	296033.84
1993.54	144.40	296214.43
1993.62	144.80	300602.41
1993.71	145.10	304045.56
1993.79	145.70	306555.00
1993.87	145.80	306368.95
1993.96	145.80	309088.10
1994.04	146.20	313595.55
1994.12	146.70	312292.52
1994.21	147.20	306802.75
1994.29	147.40	296136.00
1994.37	147.50	299069.34
1994.46	148.00	301364.12
1994.54	148.40	298993.98
1994.62	149.00	306969.75
1994.71	149.40	308651.63
1994.79	149.50	307080.79
1994.87	149.70	305540.80
1994.96	149.70	302410.90
1995.04	150.30	308587.24
1995.12	150.90	319098.63
1995.21	151.40	326180.38
1995.29	151.90	335564.72
1995.37	152.20	346118.54
1995.46	152.50	356420.04
1995.54	152.50	369068.38
1995.62	152.90	369995.54
1995.71	153.20	383003.11
1995.79	153.70	385244.81
1995.87	153.60	394590.95
1995.96	153.50	408233.82
1996.04	154.40	406519.74
1996.12	154.90	429138.27
1996.21	155.70	426082.14
1996.29	156.30	425285.95
1996.37	156.60	434469.87
1996.46	156.70	439747.27
1996.54	157.00	423655.22
1996.62	157.30	435860.08
1996.71	157.80	443278.79
1996.79	158.30	460086.22
1996.87	158.60	482420.27
1996.96	158.60	488205.14
1997.04	159.10	502527.27
1997.12	159.60	522803.23
1997.21	160.00	518246.62
1997.29	160.20	499975.89
1997.37	160.10	546405.73
1997.46	160.30	574850.15
1997.54	160.50	607068.81
1997.62	160.80	608046.68
1997.71	161.20	613770.95
1997.79	161.60	622328.65
1997.87	161.50	615543.14
1997.96	161.30	632546.78
1998.04	161.60	632872.14
1998.12	161.90	672144.56
1998.21	162.20	706547.71
1998.29	162.50	729267.61
1998.37	162.80	726314.25
1998.46	163.00	726273.33
1998.54	163.20	757794.63
1998.62	163.40	704109.47
1998.71	163.60	668803.51
1998.79	164.00	675785.97
1998.87	164.00	749950.22
1998.96	163.90	781206.23
1999.04	164.30	818645.72
1999.12	164.50	817109.49
1999.21	165.00	838453.83
1999.29	166.20	867777.20
1999.37	166.20	866919.56
1999.46	166.20	861616.03
1999.54	166.70	897883.86
1999.62	167.10	861929.48
1999.71	167.90	852696.10
1999.79	168.20	840345.17
1999.87	168.30	899525.78
1999.96	168.30	924791.94
2000.04	168.80	920957.26
2000.12	169.80	892847.10
2000.21	171.20	920445.97
2000.29	171.30	933013.20
2000.37	171.50	905468.64
2000.46	172.40	929235.44
2000.54	172.80	934961.66
2000.62	172.80	943741.43
2000.71	173.70	928709.11
2000.79	174.00	878764.95
2000.87	174.10	871473.68
2000.96	174.00	843022.92
2001.04	175.10	841533.42
2001.12	175.80	820271.64
2001.21	176.20	744093.49
2001.29	176.90	744469.71
2001.37	177.70	792097.27
2001.46	178.00	771868.87
2001.54	177.50	753452.71
2001.62	177.50	738039.15
2001.71	178.30	652091.35
2001.79	177.70	675126.02
2001.87	177.40	710440.52
2001.96	176.70	723711.61
2002.04	177.10	719927.31
2002.12	177.80	693050.30
2002.21	178.80	723255.54
2002.29	179.80	693961.40
2002.37	179.80	674394.48
2002.46	179.90	634116.57
2002.54	180.10	565262.55
2002.62	180.70	569797.27
2002.71	181.00	541784.22
2002.79	181.30	533498.23
2002.87	181.30	568850.24
2002.96	180.90	564211.80
2003.04	181.70	560480.31
2003.12	183.10	520518.42
2003.21	184.20	524179.78
2003.29	183.80	553087.38
2003.37	183.50	583419.95
2003.46	183.70	616027.02
2003.54	183.90	619031.25
2003.62	184.60	615665.45
2003.71	185.20	633077.33
2003.79	185.00	646627.16
2003.87	184.50	656242.60
2003.96	184.30	677096.50
2004.04	185.20	707069.05
2004.12	186.20	710924.75
2004.21	187.40	695327.09
2004.29	188.00	699828.13
2004.37	189.10	677926.13
2004.46	189.70	695103.46
2004.54	189.40	680627.54
2004.62	189.50	670838.74
2004.71	189.90	688062.87
2004.79	190.90	685165.55
2004.87	191.00	717503.56
2004.96	190.30	739789.13
2005.04	190.70	728290.45
2005.12	191.80	736300.90
2005.21	193.30	728733.30
2005.29	194.60	706439.55
2005.37	194.40	716624.98
2005.46	194.50	731887.74
2005.54	195.40	741695.86
2005.62	196.40	740216.15
2005.71	198.80	733334.22
2005.79	199.20	712668.44
2005.87	197.60	746912.86
2005.96	196.80	766041.60
2006.04	198.30	771407.49
2006.12	198.70	769735.84
2006.21	199.80	776883.74
2006.29	201.50	776490.08
2006.37	202.50	766588.46
2006.46	202.90	744386.66
2006.54	203.50	747546.85
2006.62	203.90	763189.57
2006.71	202.90	786374.76
2006.79	201.80	819263.87
2006.87	201.50	836919.81
2006.96	201.80	853641.19
2007.04	202.42	856949.80
2007.12	203.50	866003.88
2007.21	205.35	836968.86
2007.29	206.69	866339.69
2007.37	207.95	890294.63
2007.46	208.35	891648.41
2007.54	208.30	897013.43
2007.62	207.92	860921.04
2007.71	208.49	884966.59
2007.79	208.94	909508.24
2007.87	210.18	860694.56
2007.96	210.04	871949.07
2008.04	211.08	810076.32
2008.12	211.69	795107.23
2008.21	213.53	767578.41
2008.29	214.82	795336.03
2008.37	216.63	808912.19
2008.46	218.82	766840.19
2008.54	219.96	716468.07
2008.62	219.09	734523.49
2008.71	218.78	699887.39
2008.79	216.57	564247.33
2008.87	212.43	525754.16
2008.96	210.23	529375.06
2009.04	211.14	521287.66
2009.12	212.19	483922.90
2009.21	212.71	455274.12
2009.29	213.24	510070.64
2009.37	213.86	542445.54
2009.46	215.69	553227.50
2009.54	215.35	561157.49
2009.62	215.83	605341.81
2009.71	215.97	627018.54
2009.79	216.18	641443.85
2009.87	216.33	654389.76
2009.96	215.95	670110.85
2010.04	216.69	676882.26
2010.12	216.74	657090.73
2010.21	217.63	693286.48
2010.29	218.01	720378.68
2010.37	218.18	677480.31
2010.46	217.97	654114.29
2010.54	218.01	652941.17
2010.62	218.31	657677.22
2010.71	218.44	679458.48
2010.79	218.71	709682.96
2010.87	218.80	727061.11
2010.96	219.18	752775.04
2011.04	220.22	775157.11
2011.12	221.31	795669.27
2011.21	223.47	779231.13
2011.29	224.91	791456.29
2011.37	225.96	792958.65
2011.46	225.72	764749.74
2011.54	225.92	787786.10
2011.62	226.55	703923.99
2011.71	226.89	697323.30
2011.79	226.42	719880.35
2011.87	226.23	733240.76
2011.96	225.67	746502.84
2012.04	226.67	778793.28
2012.12	227.66	807670.55
2012.21	229.39	824714.37
2012.29	230.09	821932.16
2012.37	229.82	797478.43
2012.46	229.48	789461.88
2012.54	229.10	813870.23
2012.62	230.38	836805.87
2012.71	231.41	858278.38
2012.79	231.32	856775.40
2012.87	230.22	836455.12
2012.96	229.60	856988.08
2013.04	230.28	890950.44
2013.12	232.17	904344.28
2013.21	232.77	926556.43
2013.29	232.53	941024.21
2013.37	232.95	982339.53
2013.46	233.50	969053.05
2013.54	233.60	1000215.37
2013.62	233.88	1001555.20
2013.71	234.15	1012339.89
2013.79	233.55	1036455.69
2013.87	233.07	1078675.81
2013.96	233.05	1095193.50
2014.04	233.92	1101715.08
2014.12	234.78	1096249.45
2014.21	236.29	1118907.28
2014.29	237.07	1117499.44
2014.37	237.90	1130690.01
2014.46	238.34	1164680.79
2014.54	238.25	1182582.22
2014.62	237.85	1179522.06
2014.71	238.03	1199610.12
2014.79	237.43	1170818.73
2014.87	236.15	1244356.33
2014.96	234.81	1259401.14
2015.04	233.71	1251333.18
2015.12	234.72	1281172.64
2015.21	236.12	1274320.96
2015.29	236.60	1282922.52
2015.37	237.81	1288926.96
2015.46	238.64	1278849.81
2015.54	238.65	1277758.82
2015.62	238.32	1248562.22
2015.71	237.95	1194160.44
2015.79	237.84	1246289.22
2015.87	237.34	1285564.74
2015.96	236.53	1275759.85
2016.04	236.92	1191899.01
2016.12	237.11	1184378.27
2016.21	238.13	1254344.29
2016.29	239.26	1283781.55
2016.37	240.23	1274726.85
2016.46	241.02	1284114.13
2016.54	240.63	1328616.64
2016.62	240.85	1343326.21
2016.71	241.43	1334235.73
2016.79	241.73	1325843.26
2016.87	241.35	1343870.62
2016.96	241.43	1396453.73
2017.04	242.84	1408333.99
2017.12	243.60	1440099.91
2017.21	243.80	1464112.61
2017.29	244.52	1457549.84
2017.37	244.73	1480965.62
2017.46	244.96	1505922.30
2017.54	244.79	1521865.36
2017.62	245.52	1521098.13
2017.71	246.82	1538118.04
2017.79	246.66	1581194.88
2017.87	246.67	1606303.05
2017.96	246.52	1653605.69
2018.04	247.87	1724625.45
2018.12	248.99	1667298.61
2018.21	249.55	1664629.70
2018.29	250.55	1630466.42
2018.37	251.59	1655581.46
2018.46	251.99	1687889.96
2018.54	252.01	1714478.46
2018.62	252.15	1755544.72
2018.71	252.44	1782984.61
2018.79	252.89	1711358.28
2018.87	252.04	1681484.57
2018.96	251.23	1593064.16
2019.04	251.71	1617650.26
2019.12	252.78	1704755.94
2019.21	254.20	1728235.81
2019.29	255.55	1783159.47
2019.37	256.09	1752134.76
2019.46	256.14	1776413.48
2019.54	256.57	1841345.66
2019.62	256.56	1783740.15
2019.71	256.76	1837352.66
2019.79	257.35	1833358.82
2019.87	257.21	1915689.03
2019.96	256.97	1964798.52
2020.04	257.97	2022723.81
2020.12	258.68	2019680.89
2020.21	258.12	1641198.48
2020.29	256.39	1720508.27
2020.37	256.39	1818670.83
2020.46	256.40	1997779.79
